45
19/64,1/8
103/256,1/8
11/64,1/4
53/64,1/8
135/256,1/4
45/64,1/4
19/64,3/8
103/256,3/8
53/64,3/8
11/64,1/2
135/256,1/2
45/64,1/2
19/64,5/8
103/256,5/8
53/64,5/8
11/64,3/4
135/256,3/4
45/64,3/4
19/64,7/8
103/256,7/8
53/64,7/8
11/64,0
0,1/8
135/256,0
0,1/4
45/64,0
1,1/8
1,1/4
0,3/8
1,3/8
0,1/2
1,1/2
0,5/8
1,5/8
0,3/4
1,3/4
0,7/8
1,7/8
11/64,1
135/256,1
45/64,1
0,0
1,0
0,1
1,1
32
4 41 21 0 22
4 21 23 1 0
4 24 2 0 22
4 23 25 3 1
4 2 4 1 0
4 3 25 42 26
4 4 5 3 1
4 3 5 27 26
4 24 2 6 28
4 2 4 7 6
4 4 5 8 7
4 8 5 27 29
4 30 9 6 28
4 9 10 7 6
4 10 11 8 7
4 8 11 31 29
4 30 9 12 32
4 9 10 13 12
4 10 11 14 13
4 14 11 31 33
4 34 15 12 32
4 15 16 13 12
4 16 17 14 13
4 14 17 35 33
4 34 15 18 36
4 15 16 19 18
4 16 17 20 19
4 20 17 35 37
4 43 38 18 36
4 38 39 19 18
4 39 40 20 19
4 20 40 44 37
19/64,0
103/256,0
11/64,1/8
103/256,109/256
135/256,1/8
135/256,77/256
19/64,0
103/256,0
103/256,109/256
11/64,1/8
135/256,1/8
135/256,77/256
19/64,0
103/256,0
103/256,109/256
11/64,1/8
135/256,1/8
135/256,77/256
19/64,0
103/256,0
103/256,109/256
11/64,1/8
19/64,19/64
135/256,1/8
11/64,19/64
135/256,77/256
59/256,109/256
59/256,77/256
19/64,19/64
59/256,109/256
11/64,19/64
59/256,77/256
19/64,19/64
59/256,109/256
11/64,19/64
59/256,77/256
19/64,19/64
59/256,109/256
11/64,1/8
135/256,1/8
135/256,77/256
11/64,19/64
59/256,77/256
11/64,19/64
59/256,77/256