119
24/77,1/16
73/816,1/16
1/2,1/16
237/616,1/8
67/408,1/8
119/180,1/16
9/16,1/8
823/976,1/16
437/488,1/8
343/480,1/8
24/77,3/16
73/816,3/16
1/2,3/16
823/976,3/16
119/180,3/16
237/616,1/4
67/408,1/4
9/16,1/4
437/488,1/4
343/480,1/4
24/77,5/16
73/816,5/16
1/2,5/16
823/976,5/16
119/180,5/16
237/616,3/8
67/408,3/8
9/16,3/8
437/488,3/8
343/480,3/8
24/77,7/16
73/816,7/16
1/2,7/16
823/976,7/16
119/180,7/16
237/616,1/2
67/408,1/2
9/16,1/2
437/488,1/2
343/480,1/2
24/77,9/16
73/816,9/16
1/2,9/16
823/976,9/16
119/180,9/16
237/616,5/8
67/408,5/8
9/16,5/8
437/488,5/8
343/480,5/8
24/77,11/16
73/816,11/16
1/2,11/16
823/976,11/16
119/180,11/16
237/616,3/4
67/408,3/4
9/16,3/4
437/488,3/4
343/480,3/4
24/77,13/16
73/816,13/16
1/2,13/16
823/976,13/16
119/180,13/16
237/616,7/8
67/408,7/8
9/16,7/8
437/488,7/8
343/480,7/8
24/77,15/16
73/816,15/16
1/2,15/16
823/976,15/16
119/180,15/16
67/408,0
237/616,0
9/16,0
0,1/16
0,1/8
343/480,0
437/488,0
1,1/16
1,1/8
0,3/16
1,3/16
0,1/4
1,1/4
0,5/16
1,5/16
0,3/8
1,3/8
0,7/16
1,7/16
0,1/2
1,1/2
0,9/16
1,9/16
0,5/8
1,5/8
0,11/16
1,11/16
0,3/4
1,3/4
0,13/16
1,13/16
0,7/8
1,7/8
0,15/16
1,15/16
237/616,1
67/408,1
9/16,1
437/488,1
343/480,1
0,0
1,0
0,1
1,1
96
4 75 76 0 1
4 76 77 2 0
4 3 4 1 0
4 115 75 1 78
4 4 79 78 1
4 77 80 5 2
4 6 3 0 2
4 80 81 7 5
4 81 116 82 7
4 8 9 5 7
4 82 83 8 7
4 9 6 2 5
4 10 11 4 3
4 11 84 79 4
4 12 10 3 6
4 13 14 9 8
4 83 85 13 8
4 14 12 6 9
4 15 16 11 10
4 16 86 84 11
4 17 15 10 12
4 18 19 14 13
4 85 87 18 13
4 19 17 12 14
4 20 21 16 15
4 21 88 86 16
4 22 20 15 17
4 23 24 19 18
4 87 89 23 18
4 24 22 17 19
4 25 26 21 20
4 26 90 88 21
4 27 25 20 22
4 28 29 24 23
4 89 91 28 23
4 29 27 22 24
4 30 31 26 25
4 31 92 90 26
4 32 30 25 27
4 33 34 29 28
4 91 93 33 28
4 34 32 27 29
4 35 36 31 30
4 36 94 92 31
4 37 35 30 32
4 38 39 34 33
4 93 95 38 33
4 39 37 32 34
4 40 41 36 35
4 41 96 94 36
4 42 40 35 37
4 43 44 39 38
4 95 97 43 38
4 44 42 37 39
4 45 46 41 40
4 46 98 96 41
4 47 45 40 42
4 48 49 44 43
4 97 99 48 43
4 49 47 42 44
4 50 51 46 45
4 51 100 98 46
4 52 50 45 47
4 53 54 49 48
4 99 101 53 48
4 54 52 47 49
4 55 56 51 50
4 56 102 100 51
4 57 55 50 52
4 58 59 54 53
4 101 103 58 53
4 59 57 52 54
4 60 61 56 55
4 61 104 102 56
4 62 60 55 57
4 63 64 59 58
4 103 105 63 58
4 64 62 57 59
4 65 66 61 60
4 66 106 104 61
4 67 65 60 62
4 68 69 64 63
4 105 107 68 63
4 69 67 62 64
4 70 71 66 65
4 71 108 106 66
4 72 70 65 67
4 73 74 69 68
4 107 109 73 68
4 74 72 67 69
4 110 111 71 70
4 111 117 108 71
4 112 110 70 72
4 113 114 74 73
4 109 118 113 73
4 114 112 72 74
0,24/77
0,73/816
2610/14029,9563/28058
1/16,237/616
1/16,67/408
29/180,1/2
53449/224464,92535/224464
335/976,1/2
193/488,9/16
103/480,9/16
0,24/77
0,73/816
2610/14029,9563/28058
335/976,1/2
29/180,1/2
1/16,237/616
1/16,67/408
53449/224464,92535/224464
193/488,9/16
103/480,9/16
0,24/77
0,73/816
2610/14029,9563/28058
335/976,1/2
29/180,1/2
1/16,237/616
1/16,67/408
53449/224464,92535/224464
193/488,9/16
103/480,9/16
0,24/77
0,73/816
2610/14029,9563/28058
335/976,1/2
29/180,1/2
1/16,237/616
1/16,67/408
53449/224464,92535/224464
193/488,9/16
103/480,9/16
0,24/77
0,73/816
2610/14029,9563/28058
335/976,1/2
29/180,1/2
1/16,237/616
1/16,67/408
53449/224464,92535/224464
193/488,9/16
103/480,9/16
0,24/77
0,73/816
2610/14029,9563/28058
335/976,1/2
29/180,1/2
1/16,237/616
1/16,67/408
53449/224464,92535/224464
193/488,9/16
103/480,9/16
0,24/77
0,73/816
2610/14029,9563/28058
335/976,1/2
29/180,1/2
1/16,237/616
1/16,67/408
53449/224464,92535/224464
193/488,9/16
103/480,9/16
0,24/77
0,73/816
2610/14029,9563/28058
335/976,1/2
29/180,1/2
1/16,67/408
1/16,237/616
53449/224464,92535/224464
-4453/50576,3723/50576
-5013/50576,3417/25288
103/480,9/16
193/488,9/16
15955/50576,33091/50576
9533/25288,33651/50576
-4453/50576,3723/50576
15955/50576,33091/50576
-5013/50576,3417/25288
9533/25288,33651/50576
-4453/50576,3723/50576
15955/50576,33091/50576
-5013/50576,3417/25288
9533/25288,33651/50576
-4453/50576,3723/50576
15955/50576,33091/50576
-5013/50576,3417/25288
9533/25288,33651/50576
-4453/50576,3723/50576
15955/50576,33091/50576
-5013/50576,3417/25288
9533/25288,33651/50576
-4453/50576,3723/50576
15955/50576,33091/50576
-5013/50576,3417/25288
9533/25288,33651/50576
-4453/50576,3723/50576
15955/50576,33091/50576
-5013/50576,3417/25288
9533/25288,33651/50576
-4453/50576,3723/50576
15955/50576,33091/50576
1/16,237/616
1/16,67/408
53449/224464,92535/224464
193/488,9/16
103/480,9/16
-5013/50576,3417/25288
9533/25288,33651/50576
-5013/50576,3417/25288
9533/25288,33651/50576